73149	1175	0	0	0	1471	16
73150	1173	407	0	0	15616	24
73151	1173	407	0	0	6734	24
73152	1173	407	0	0	18393	24
73153	1173	407	0	0	19657	24
73154	1173	407	0	0	6530	24
73155	1173	407	0	0	6440	24
73156	1173	407	0	0	13859	24
73157	1173	407	0	0	15952	24
73158	1173	407	0	0	7401	24
73159	1173	407	0	0	7333	24
73169	1173	467	0	0	6680	24
73168	1173	467	0	0	7085	24
73167	1173	467	0	0	28929	24
73166	1173	467	0	0	26404	24
73165	1173	467	0	0	7050	24
73164	1173	467	0	0	6512	24
73163	1173	467	0	0	17914	24
73162	1173	467	0	0	22063	24
73161	1173	467	0	0	6442	24
73160	1173	467	0	0	28952	24
73170	1175	1630	0	0	1299	16
73171	1193	3261	0	0	28978	120
73172	612	24618	0	0	8	12
73173	612	24618	0	0	9	12
73174	612	24618	0	0	9	12
73175	612	24677	0	0	67542	12
73176	612	24762	0	0	46089	12
73177	612	24762	0	0	48215	12
73178	637	29499	0	0	1782	12
73179	637	29519	0	0	1789	12
73180	637	29525	0	0	2244	12
73181	637	29536	0	0	2213	12
73182	637	29554	0	0	2193	12
73183	637	29562	0	0	1931	12
73184	637	29570	0	0	1949	12
73185	637	29601	0	0	1900	12
73186	629	37367	0	0	29	112
73187	629	37739	0	0	18709	96
73188	1192	38312	0	0	144160	48
73189	637	41559	0	0	10868	24
73190	637	41586	0	0	893	24
73191	637	41605	0	0	3271	24
73192	637	41624	0	0	7696	24
73193	637	41645	0	0	1784	24
73194	637	41665	0	0	4821	24
73195	637	41698	0	0	906	24
73196	637	41715	0	0	1480	24
73197	637	41732	0	0	6587	24
73198	637	41817	0	0	2116	24
73200	637	41916	0	0	12356	24
73201	637	41940	0	0	1929	24
73202	637	42059	0	0	10988	24
73203	637	42095	0	0	898	24
73204	637	42114	0	0	8774	24
73205	637	42420	0	0	60875	24
73206	637	42478	0	0	28365	24
73207	637	42946	0	0	3559	24
73208	637	43089	0	0	73903	24
73209	637	43354	0	0	55049	24
73210	637	43736	0	0	88718	24
73211	637	43813	0	0	147741	24
73212	637	43876	0	0	99571	24
73213	637	43933	0	0	168245	24
73214	637	43993	0	0	43516	24
73215	1193	44299	0	0	5	120
73216	1193	44324	0	0	23	120
73217	637	44359	0	0	3359	24
73218	637	44366	0	0	4215	24
73219	637	44368	0	0	11205	24
73220	637	44370	0	0	3863	24
73221	637	44374	0	0	4025	24
73222	637	44426	0	0	144	24
73223	637	44431	0	0	144	24
73224	1193	44682	0	0	23	120
73225	1193	44751	0	0	28977	120
73226	637	46372	0	0	2173	12
73227	637	46382	0	0	1930	12
73228	637	46525	0	0	1942	12
73229	637	46525	0	0	1692	12
73230	637	46525	0	0	1473	12
73231	637	46525	0	0	1865	12
73232	1188	48077	0	0	17520	24
73233	1188	48866	0	0	37615	24
73234	1173	54342	0	0	19734	24
73235	1173	54439	0	0	32131	24
73236	1173	54452	0	0	7548	24
73237	1173	54466	0	0	8690	24
73238	1173	54570	0	0	27812	24
73239	1173	54622	0	0	9690	24
73240	629	56600	0	0	16484	112
73241	1182	57539	0	0	337	12
73242	1171	65022	0	0	79	24
73243	1171	65244	0	0	2536	24
73244	757	66593	0	0	5	1
73245	757	67407	0	0	5	1
73246	757	67896	0	0	5	1
73247	757	69734	0	0	0	1
73248	757	69965	0	0	0	1
73249	757	70334	0	0	303	1